{
 "cells": [
  {
   "cell_type": "code",
   "execution_count": 2,
   "metadata": {},
   "outputs": [],
   "source": [
    "import pandas as pd\n",
    "import plotly.express as px\n",
    "import seaborn as sns\n",
    "import matplotlib.pyplot as plt\n",
    "\n",
    "import sys\n",
    "\n",
    "if \"..\" not in sys.path:\n",
    "    sys.path.append(\"..\")\n",
    "\n",
    "from utils.plotting import plot_series\n",
    "from utils.const import VARIABLE_COLORS"
   ]
  },
  {
   "cell_type": "code",
   "execution_count": 3,
   "metadata": {},
   "outputs": [],
   "source": [
    "norte2 = pd.read_csv(\n",
    "    \"../non_atypical_datasets/NORTE2_2021_2023.csv\", parse_dates=[\"date\"]\n",
    ")\n",
    "noroeste2 = pd.read_csv(\n",
    "    \"../non_atypical_datasets/NOROESTE2_2021_2023.csv\", parse_dates=[\"date\"]\n",
    ")\n",
    "sureste3 = pd.read_csv(\n",
    "    \"../non_atypical_datasets/SURESTE3_2021_2023.csv\", parse_dates=[\"date\"]\n",
    ")"
   ]
  },
  {
   "cell_type": "code",
   "execution_count": 4,
   "metadata": {},
   "outputs": [],
   "source": [
    "viento_norte = norte2[[\"WDR\", \"WSR\", \"PM2.5\"]]\n",
    "viento_sur = sureste3[[\"date\", \"WDR\", \"WSR\", \"PM2.5\"]]\n",
    "viento_noro = noroeste2[[\"WDR\", \"WSR\", \"PM2.5\"]]\n",
    "viento_noro = viento_noro.rename(\n",
    "    columns={\n",
    "        \"WDR\": \"WDR_noroeste2\",\n",
    "        \"WSR\": \"WSR_noroeste2\",\n",
    "        \"PM2.5\": \"PM2.5_noroeste2\",\n",
    "    }\n",
    ")\n",
    "viento_sur = viento_sur.rename(\n",
    "    columns={\n",
    "        \"WDR\": \"WDR_sureste3\",\n",
    "        \"WSR\": \"WSR_sureste3\",\n",
    "        \"PM2.5\": \"PM2.5_sureste3\",\n",
    "    },\n",
    ")\n",
    "viento_norte = viento_norte.rename(\n",
    "    columns={\n",
    "        \"WDR\": \"WDR_norte2\",\n",
    "        \"WSR\": \"WSR_norte2\",\n",
    "        \"PM2.5\": \"PM2.5_norte2\",\n",
    "    }\n",
    ")"
   ]
  },
  {
   "cell_type": "code",
   "execution_count": 5,
   "metadata": {},
   "outputs": [
    {
     "data": {
      "text/html": [
       "<div>\n",
       "<style scoped>\n",
       "    .dataframe tbody tr th:only-of-type {\n",
       "        vertical-align: middle;\n",
       "    }\n",
       "\n",
       "    .dataframe tbody tr th {\n",
       "        vertical-align: top;\n",
       "    }\n",
       "\n",
       "    .dataframe thead th {\n",
       "        text-align: right;\n",
       "    }\n",
       "</style>\n",
       "<table border=\"1\" class=\"dataframe\">\n",
       "  <thead>\n",
       "    <tr style=\"text-align: right;\">\n",
       "      <th></th>\n",
       "      <th>date</th>\n",
       "      <th>WDR_sureste3</th>\n",
       "      <th>WSR_sureste3</th>\n",
       "      <th>PM2.5_sureste3</th>\n",
       "      <th>WDR_noroeste2</th>\n",
       "      <th>WSR_noroeste2</th>\n",
       "      <th>PM2.5_noroeste2</th>\n",
       "      <th>WDR_norte2</th>\n",
       "      <th>WSR_norte2</th>\n",
       "      <th>PM2.5_norte2</th>\n",
       "    </tr>\n",
       "  </thead>\n",
       "  <tbody>\n",
       "    <tr>\n",
       "      <th>0</th>\n",
       "      <td>2021-03-01 01:00:00</td>\n",
       "      <td>46.0</td>\n",
       "      <td>3.0</td>\n",
       "      <td>7.0</td>\n",
       "      <td>11.0</td>\n",
       "      <td>1.40</td>\n",
       "      <td>16.08</td>\n",
       "      <td>93.0</td>\n",
       "      <td>5.3</td>\n",
       "      <td>2.0</td>\n",
       "    </tr>\n",
       "    <tr>\n",
       "      <th>1</th>\n",
       "      <td>2021-03-01 02:00:00</td>\n",
       "      <td>350.0</td>\n",
       "      <td>1.2</td>\n",
       "      <td>7.0</td>\n",
       "      <td>9.0</td>\n",
       "      <td>1.40</td>\n",
       "      <td>21.31</td>\n",
       "      <td>43.0</td>\n",
       "      <td>5.7</td>\n",
       "      <td>5.5</td>\n",
       "    </tr>\n",
       "    <tr>\n",
       "      <th>2</th>\n",
       "      <td>2021-03-01 03:00:00</td>\n",
       "      <td>316.0</td>\n",
       "      <td>0.7</td>\n",
       "      <td>7.0</td>\n",
       "      <td>10.0</td>\n",
       "      <td>1.40</td>\n",
       "      <td>16.03</td>\n",
       "      <td>322.0</td>\n",
       "      <td>2.6</td>\n",
       "      <td>5.5</td>\n",
       "    </tr>\n",
       "    <tr>\n",
       "      <th>3</th>\n",
       "      <td>2021-03-01 04:00:00</td>\n",
       "      <td>289.0</td>\n",
       "      <td>1.1</td>\n",
       "      <td>7.0</td>\n",
       "      <td>11.0</td>\n",
       "      <td>1.65</td>\n",
       "      <td>16.33</td>\n",
       "      <td>297.0</td>\n",
       "      <td>1.6</td>\n",
       "      <td>5.5</td>\n",
       "    </tr>\n",
       "    <tr>\n",
       "      <th>4</th>\n",
       "      <td>2021-03-01 05:00:00</td>\n",
       "      <td>285.0</td>\n",
       "      <td>0.8</td>\n",
       "      <td>7.0</td>\n",
       "      <td>11.0</td>\n",
       "      <td>1.90</td>\n",
       "      <td>15.97</td>\n",
       "      <td>151.0</td>\n",
       "      <td>1.6</td>\n",
       "      <td>5.5</td>\n",
       "    </tr>\n",
       "    <tr>\n",
       "      <th>...</th>\n",
       "      <td>...</td>\n",
       "      <td>...</td>\n",
       "      <td>...</td>\n",
       "      <td>...</td>\n",
       "      <td>...</td>\n",
       "      <td>...</td>\n",
       "      <td>...</td>\n",
       "      <td>...</td>\n",
       "      <td>...</td>\n",
       "      <td>...</td>\n",
       "    </tr>\n",
       "    <tr>\n",
       "      <th>21594</th>\n",
       "      <td>2023-08-17 19:00:00</td>\n",
       "      <td>54.0</td>\n",
       "      <td>12.7</td>\n",
       "      <td>15.0</td>\n",
       "      <td>87.0</td>\n",
       "      <td>15.90</td>\n",
       "      <td>7.41</td>\n",
       "      <td>83.0</td>\n",
       "      <td>8.5</td>\n",
       "      <td>18.0</td>\n",
       "    </tr>\n",
       "    <tr>\n",
       "      <th>21595</th>\n",
       "      <td>2023-08-17 20:00:00</td>\n",
       "      <td>50.0</td>\n",
       "      <td>8.9</td>\n",
       "      <td>9.0</td>\n",
       "      <td>87.0</td>\n",
       "      <td>15.80</td>\n",
       "      <td>7.41</td>\n",
       "      <td>68.0</td>\n",
       "      <td>10.4</td>\n",
       "      <td>8.0</td>\n",
       "    </tr>\n",
       "    <tr>\n",
       "      <th>21596</th>\n",
       "      <td>2023-08-17 21:00:00</td>\n",
       "      <td>56.0</td>\n",
       "      <td>10.5</td>\n",
       "      <td>3.0</td>\n",
       "      <td>85.0</td>\n",
       "      <td>14.50</td>\n",
       "      <td>7.41</td>\n",
       "      <td>70.0</td>\n",
       "      <td>8.4</td>\n",
       "      <td>5.0</td>\n",
       "    </tr>\n",
       "    <tr>\n",
       "      <th>21597</th>\n",
       "      <td>2023-08-17 22:00:00</td>\n",
       "      <td>86.0</td>\n",
       "      <td>16.9</td>\n",
       "      <td>2.0</td>\n",
       "      <td>87.0</td>\n",
       "      <td>12.60</td>\n",
       "      <td>7.41</td>\n",
       "      <td>91.0</td>\n",
       "      <td>9.8</td>\n",
       "      <td>7.0</td>\n",
       "    </tr>\n",
       "    <tr>\n",
       "      <th>21598</th>\n",
       "      <td>2023-08-17 23:00:00</td>\n",
       "      <td>94.0</td>\n",
       "      <td>14.5</td>\n",
       "      <td>9.0</td>\n",
       "      <td>82.0</td>\n",
       "      <td>15.70</td>\n",
       "      <td>7.41</td>\n",
       "      <td>84.0</td>\n",
       "      <td>9.8</td>\n",
       "      <td>32.0</td>\n",
       "    </tr>\n",
       "  </tbody>\n",
       "</table>\n",
       "<p>21599 rows × 10 columns</p>\n",
       "</div>"
      ],
      "text/plain": [
       "                     date  WDR_sureste3  WSR_sureste3  PM2.5_sureste3  \\\n",
       "0     2021-03-01 01:00:00          46.0           3.0             7.0   \n",
       "1     2021-03-01 02:00:00         350.0           1.2             7.0   \n",
       "2     2021-03-01 03:00:00         316.0           0.7             7.0   \n",
       "3     2021-03-01 04:00:00         289.0           1.1             7.0   \n",
       "4     2021-03-01 05:00:00         285.0           0.8             7.0   \n",
       "...                   ...           ...           ...             ...   \n",
       "21594 2023-08-17 19:00:00          54.0          12.7            15.0   \n",
       "21595 2023-08-17 20:00:00          50.0           8.9             9.0   \n",
       "21596 2023-08-17 21:00:00          56.0          10.5             3.0   \n",
       "21597 2023-08-17 22:00:00          86.0          16.9             2.0   \n",
       "21598 2023-08-17 23:00:00          94.0          14.5             9.0   \n",
       "\n",
       "       WDR_noroeste2  WSR_noroeste2  PM2.5_noroeste2  WDR_norte2  WSR_norte2  \\\n",
       "0               11.0           1.40            16.08        93.0         5.3   \n",
       "1                9.0           1.40            21.31        43.0         5.7   \n",
       "2               10.0           1.40            16.03       322.0         2.6   \n",
       "3               11.0           1.65            16.33       297.0         1.6   \n",
       "4               11.0           1.90            15.97       151.0         1.6   \n",
       "...              ...            ...              ...         ...         ...   \n",
       "21594           87.0          15.90             7.41        83.0         8.5   \n",
       "21595           87.0          15.80             7.41        68.0        10.4   \n",
       "21596           85.0          14.50             7.41        70.0         8.4   \n",
       "21597           87.0          12.60             7.41        91.0         9.8   \n",
       "21598           82.0          15.70             7.41        84.0         9.8   \n",
       "\n",
       "       PM2.5_norte2  \n",
       "0               2.0  \n",
       "1               5.5  \n",
       "2               5.5  \n",
       "3               5.5  \n",
       "4               5.5  \n",
       "...             ...  \n",
       "21594          18.0  \n",
       "21595           8.0  \n",
       "21596           5.0  \n",
       "21597           7.0  \n",
       "21598          32.0  \n",
       "\n",
       "[21599 rows x 10 columns]"
      ]
     },
     "execution_count": 5,
     "metadata": {},
     "output_type": "execute_result"
    }
   ],
   "source": [
    "compara = pd.concat([viento_sur, viento_noro, viento_norte], axis=1, join=\"inner\")\n",
    "compara"
   ]
  },
  {
   "cell_type": "code",
   "execution_count": 14,
   "metadata": {},
   "outputs": [
    {
     "name": "stdout",
     "output_type": "stream",
     "text": [
      "Correlación para el mes de Enero :\n",
      "                 WDR_sureste3  WDR_noroeste2  WDR_norte2  WSR_sureste3  \\\n",
      "WDR_sureste3         1.000000       0.376272    0.271804      0.563075   \n",
      "WDR_noroeste2        0.376272       1.000000    0.792438     -0.072119   \n",
      "WDR_norte2           0.271804       0.792438    1.000000     -0.238492   \n",
      "WSR_sureste3         0.563075      -0.072119   -0.238492      1.000000   \n",
      "WSR_norte2           0.483571      -0.177852   -0.301498      0.811175   \n",
      "WSR_noroeste2        0.125066      -0.020636   -0.116537      0.413097   \n",
      "PM2.5_sureste3       0.216123       0.633045    0.720576     -0.190684   \n",
      "PM2.5_noroeste2      0.009300       0.274006    0.430844     -0.391072   \n",
      "PM2.5_norte2         0.156731       0.552780    0.660601     -0.278568   \n",
      "\n",
      "                 WSR_norte2  WSR_noroeste2  PM2.5_sureste3  PM2.5_noroeste2  \\\n",
      "WDR_sureste3       0.483571       0.125066        0.216123         0.009300   \n",
      "WDR_noroeste2     -0.177852      -0.020636        0.633045         0.274006   \n",
      "WDR_norte2        -0.301498      -0.116537        0.720576         0.430844   \n",
      "WSR_sureste3       0.811175       0.413097       -0.190684        -0.391072   \n",
      "WSR_norte2         1.000000       0.622806       -0.170860        -0.494058   \n",
      "WSR_noroeste2      0.622806       1.000000        0.027626        -0.501609   \n",
      "PM2.5_sureste3    -0.170860       0.027626        1.000000         0.460787   \n",
      "PM2.5_noroeste2   -0.494058      -0.501609        0.460787         1.000000   \n",
      "PM2.5_norte2      -0.304549      -0.097534        0.906806         0.649856   \n",
      "\n",
      "                 PM2.5_norte2  \n",
      "WDR_sureste3         0.156731  \n",
      "WDR_noroeste2        0.552780  \n",
      "WDR_norte2           0.660601  \n",
      "WSR_sureste3        -0.278568  \n",
      "WSR_norte2          -0.304549  \n",
      "WSR_noroeste2       -0.097534  \n",
      "PM2.5_sureste3       0.906806  \n",
      "PM2.5_noroeste2      0.649856  \n",
      "PM2.5_norte2         1.000000  \n",
      "\n",
      "\n",
      "Correlación para el mes de Febrero :\n",
      "                 WDR_sureste3  WDR_noroeste2  WDR_norte2  WSR_sureste3  \\\n",
      "WDR_sureste3         1.000000       0.437564    0.112955      0.586802   \n",
      "WDR_noroeste2        0.437564       1.000000    0.786725     -0.088883   \n",
      "WDR_norte2           0.112955       0.786725    1.000000     -0.286103   \n",
      "WSR_sureste3         0.586802      -0.088883   -0.286103      1.000000   \n",
      "WSR_norte2           0.477832      -0.203425   -0.381811      0.836699   \n",
      "WSR_noroeste2       -0.035796      -0.098234   -0.075643      0.370978   \n",
      "PM2.5_sureste3      -0.070466       0.445314    0.453833     -0.351430   \n",
      "PM2.5_noroeste2     -0.301677      -0.090881    0.021022     -0.275016   \n",
      "PM2.5_norte2        -0.260066       0.269339    0.418301     -0.427767   \n",
      "\n",
      "                 WSR_norte2  WSR_noroeste2  PM2.5_sureste3  PM2.5_noroeste2  \\\n",
      "WDR_sureste3       0.477832      -0.035796       -0.070466        -0.301677   \n",
      "WDR_noroeste2     -0.203425      -0.098234        0.445314        -0.090881   \n",
      "WDR_norte2        -0.381811      -0.075643        0.453833         0.021022   \n",
      "WSR_sureste3       0.836699       0.370978       -0.351430        -0.275016   \n",
      "WSR_norte2         1.000000       0.439265       -0.285208        -0.297903   \n",
      "WSR_noroeste2      0.439265       1.000000        0.109792        -0.358138   \n",
      "PM2.5_sureste3    -0.285208       0.109792        1.000000         0.229116   \n",
      "PM2.5_noroeste2   -0.297903      -0.358138        0.229116         1.000000   \n",
      "PM2.5_norte2      -0.460665      -0.103429        0.705508         0.681567   \n",
      "\n",
      "                 PM2.5_norte2  \n",
      "WDR_sureste3        -0.260066  \n",
      "WDR_noroeste2        0.269339  \n",
      "WDR_norte2           0.418301  \n",
      "WSR_sureste3        -0.427767  \n",
      "WSR_norte2          -0.460665  \n",
      "WSR_noroeste2       -0.103429  \n",
      "PM2.5_sureste3       0.705508  \n",
      "PM2.5_noroeste2      0.681567  \n",
      "PM2.5_norte2         1.000000  \n",
      "\n",
      "\n",
      "Correlación para el mes de Marzo :\n",
      "                 WDR_sureste3  WDR_noroeste2  WDR_norte2  WSR_sureste3  \\\n",
      "WDR_sureste3         1.000000       0.103923    0.292790      0.017873   \n",
      "WDR_noroeste2        0.103923       1.000000    0.413649      0.649292   \n",
      "WDR_norte2           0.292790       0.413649    1.000000     -0.079471   \n",
      "WSR_sureste3         0.017873       0.649292   -0.079471      1.000000   \n",
      "WSR_norte2           0.292981       0.086523   -0.057273      0.488938   \n",
      "WSR_noroeste2       -0.015395       0.511384    0.024894      0.666445   \n",
      "PM2.5_sureste3       0.093313       0.126875    0.307581     -0.198836   \n",
      "PM2.5_noroeste2     -0.143051       0.480136    0.027158      0.308740   \n",
      "PM2.5_norte2        -0.083806       0.267641    0.249448     -0.051285   \n",
      "\n",
      "                 WSR_norte2  WSR_noroeste2  PM2.5_sureste3  PM2.5_noroeste2  \\\n",
      "WDR_sureste3       0.292981      -0.015395        0.093313        -0.143051   \n",
      "WDR_noroeste2      0.086523       0.511384        0.126875         0.480136   \n",
      "WDR_norte2        -0.057273       0.024894        0.307581         0.027158   \n",
      "WSR_sureste3       0.488938       0.666445       -0.198836         0.308740   \n",
      "WSR_norte2         1.000000       0.591678       -0.305685        -0.122939   \n",
      "WSR_noroeste2      0.591678       1.000000       -0.237207         0.173786   \n",
      "PM2.5_sureste3    -0.305685      -0.237207        1.000000         0.411217   \n",
      "PM2.5_noroeste2   -0.122939       0.173786        0.411217         1.000000   \n",
      "PM2.5_norte2      -0.429865      -0.205396        0.784815         0.566484   \n",
      "\n",
      "                 PM2.5_norte2  \n",
      "WDR_sureste3        -0.083806  \n",
      "WDR_noroeste2        0.267641  \n",
      "WDR_norte2           0.249448  \n",
      "WSR_sureste3        -0.051285  \n",
      "WSR_norte2          -0.429865  \n",
      "WSR_noroeste2       -0.205396  \n",
      "PM2.5_sureste3       0.784815  \n",
      "PM2.5_noroeste2      0.566484  \n",
      "PM2.5_norte2         1.000000  \n",
      "\n",
      "\n",
      "Correlación para el mes de Abril :\n",
      "                 WDR_sureste3  WDR_noroeste2  WDR_norte2  WSR_sureste3  \\\n",
      "WDR_sureste3         1.000000       0.646525    0.503070      0.056009   \n",
      "WDR_noroeste2        0.646525       1.000000    0.741121     -0.068303   \n",
      "WDR_norte2           0.503070       0.741121    1.000000     -0.001843   \n",
      "WSR_sureste3         0.056009      -0.068303   -0.001843      1.000000   \n",
      "WSR_norte2           0.184241       0.085895    0.055506      0.615089   \n",
      "WSR_noroeste2       -0.178141      -0.111260   -0.004439      0.539272   \n",
      "PM2.5_sureste3      -0.030567       0.182639    0.071706     -0.109973   \n",
      "PM2.5_noroeste2     -0.238688      -0.104915   -0.129222     -0.234322   \n",
      "PM2.5_norte2        -0.147564       0.091423   -0.063685     -0.198096   \n",
      "\n",
      "                 WSR_norte2  WSR_noroeste2  PM2.5_sureste3  PM2.5_noroeste2  \\\n",
      "WDR_sureste3       0.184241      -0.178141       -0.030567        -0.238688   \n",
      "WDR_noroeste2      0.085895      -0.111260        0.182639        -0.104915   \n",
      "WDR_norte2         0.055506      -0.004439        0.071706        -0.129222   \n",
      "WSR_sureste3       0.615089       0.539272       -0.109973        -0.234322   \n",
      "WSR_norte2         1.000000       0.758211        0.005463        -0.145130   \n",
      "WSR_noroeste2      0.758211       1.000000       -0.087356        -0.138016   \n",
      "PM2.5_sureste3     0.005463      -0.087356        1.000000         0.223061   \n",
      "PM2.5_noroeste2   -0.145130      -0.138016        0.223061         1.000000   \n",
      "PM2.5_norte2      -0.161057      -0.209679        0.841102         0.483590   \n",
      "\n",
      "                 PM2.5_norte2  \n",
      "WDR_sureste3        -0.147564  \n",
      "WDR_noroeste2        0.091423  \n",
      "WDR_norte2          -0.063685  \n",
      "WSR_sureste3        -0.198096  \n",
      "WSR_norte2          -0.161057  \n",
      "WSR_noroeste2       -0.209679  \n",
      "PM2.5_sureste3       0.841102  \n",
      "PM2.5_noroeste2      0.483590  \n",
      "PM2.5_norte2         1.000000  \n",
      "\n",
      "\n",
      "Correlación para el mes de Mayo :\n",
      "                 WDR_sureste3  WDR_noroeste2  WDR_norte2  WSR_sureste3  \\\n",
      "WDR_sureste3         1.000000       0.259754    0.453712     -0.379683   \n",
      "WDR_noroeste2        0.259754       1.000000    0.376162     -0.105656   \n",
      "WDR_norte2           0.453712       0.376162    1.000000     -0.326677   \n",
      "WSR_sureste3        -0.379683      -0.105656   -0.326677      1.000000   \n",
      "WSR_norte2          -0.211124      -0.079997   -0.366239      0.779844   \n",
      "WSR_noroeste2        0.029155      -0.399626   -0.079841     -0.016353   \n",
      "PM2.5_sureste3      -0.157650      -0.188640   -0.136176      0.132449   \n",
      "PM2.5_noroeste2     -0.249192      -0.355411   -0.196628      0.050349   \n",
      "PM2.5_norte2        -0.229826      -0.153412   -0.173516      0.086068   \n",
      "\n",
      "                 WSR_norte2  WSR_noroeste2  PM2.5_sureste3  PM2.5_noroeste2  \\\n",
      "WDR_sureste3      -0.211124       0.029155       -0.157650        -0.249192   \n",
      "WDR_noroeste2     -0.079997      -0.399626       -0.188640        -0.355411   \n",
      "WDR_norte2        -0.366239      -0.079841       -0.136176        -0.196628   \n",
      "WSR_sureste3       0.779844      -0.016353        0.132449         0.050349   \n",
      "WSR_norte2         1.000000       0.182142        0.069626         0.036236   \n",
      "WSR_noroeste2      0.182142       1.000000        0.247752         0.464326   \n",
      "PM2.5_sureste3     0.069626       0.247752        1.000000         0.771908   \n",
      "PM2.5_noroeste2    0.036236       0.464326        0.771908         1.000000   \n",
      "PM2.5_norte2      -0.002734       0.137429        0.906721         0.784553   \n",
      "\n",
      "                 PM2.5_norte2  \n",
      "WDR_sureste3        -0.229826  \n",
      "WDR_noroeste2       -0.153412  \n",
      "WDR_norte2          -0.173516  \n",
      "WSR_sureste3         0.086068  \n",
      "WSR_norte2          -0.002734  \n",
      "WSR_noroeste2        0.137429  \n",
      "PM2.5_sureste3       0.906721  \n",
      "PM2.5_noroeste2      0.784553  \n",
      "PM2.5_norte2         1.000000  \n",
      "\n",
      "\n",
      "Correlación para el mes de Junio :\n",
      "                 WDR_sureste3  WDR_noroeste2  WDR_norte2  WSR_sureste3  \\\n",
      "WDR_sureste3         1.000000       0.285296    0.610445     -0.370691   \n",
      "WDR_noroeste2        0.285296       1.000000    0.489881     -0.342577   \n",
      "WDR_norte2           0.610445       0.489881    1.000000     -0.147257   \n",
      "WSR_sureste3        -0.370691      -0.342577   -0.147257      1.000000   \n",
      "WSR_norte2          -0.447854      -0.443091   -0.262263      0.890193   \n",
      "WSR_noroeste2       -0.465587      -0.480503   -0.305335      0.808319   \n",
      "PM2.5_sureste3      -0.179820       0.139051   -0.116977     -0.129216   \n",
      "PM2.5_noroeste2     -0.289581      -0.062604   -0.265887      0.001767   \n",
      "PM2.5_norte2        -0.137115       0.155112   -0.134548     -0.119050   \n",
      "\n",
      "                 WSR_norte2  WSR_noroeste2  PM2.5_sureste3  PM2.5_noroeste2  \\\n",
      "WDR_sureste3      -0.447854      -0.465587       -0.179820        -0.289581   \n",
      "WDR_noroeste2     -0.443091      -0.480503        0.139051        -0.062604   \n",
      "WDR_norte2        -0.262263      -0.305335       -0.116977        -0.265887   \n",
      "WSR_sureste3       0.890193       0.808319       -0.129216         0.001767   \n",
      "WSR_norte2         1.000000       0.929795       -0.164337        -0.013682   \n",
      "WSR_noroeste2      0.929795       1.000000       -0.200938        -0.063289   \n",
      "PM2.5_sureste3    -0.164337      -0.200938        1.000000         0.870772   \n",
      "PM2.5_noroeste2   -0.013682      -0.063289        0.870772         1.000000   \n",
      "PM2.5_norte2      -0.196323      -0.227965        0.894590         0.807174   \n",
      "\n",
      "                 PM2.5_norte2  \n",
      "WDR_sureste3        -0.137115  \n",
      "WDR_noroeste2        0.155112  \n",
      "WDR_norte2          -0.134548  \n",
      "WSR_sureste3        -0.119050  \n",
      "WSR_norte2          -0.196323  \n",
      "WSR_noroeste2       -0.227965  \n",
      "PM2.5_sureste3       0.894590  \n",
      "PM2.5_noroeste2      0.807174  \n",
      "PM2.5_norte2         1.000000  \n",
      "\n",
      "\n",
      "Correlación para el mes de Julio :\n",
      "                 WDR_sureste3  WDR_noroeste2  WDR_norte2  WSR_sureste3  \\\n",
      "WDR_sureste3         1.000000       0.598439    0.428065     -0.231675   \n",
      "WDR_noroeste2        0.598439       1.000000    0.434372     -0.241063   \n",
      "WDR_norte2           0.428065       0.434372    1.000000     -0.128480   \n",
      "WSR_sureste3        -0.231675      -0.241063   -0.128480      1.000000   \n",
      "WSR_norte2          -0.107930      -0.249850   -0.309305      0.736270   \n",
      "WSR_noroeste2       -0.257606      -0.373072   -0.363553      0.728933   \n",
      "PM2.5_sureste3      -0.091495      -0.250148   -0.146920      0.006251   \n",
      "PM2.5_noroeste2     -0.141058      -0.145620    0.054002      0.221218   \n",
      "PM2.5_norte2         0.000737      -0.034105    0.104390     -0.056914   \n",
      "\n",
      "                 WSR_norte2  WSR_noroeste2  PM2.5_sureste3  PM2.5_noroeste2  \\\n",
      "WDR_sureste3      -0.107930      -0.257606       -0.091495        -0.141058   \n",
      "WDR_noroeste2     -0.249850      -0.373072       -0.250148        -0.145620   \n",
      "WDR_norte2        -0.309305      -0.363553       -0.146920         0.054002   \n",
      "WSR_sureste3       0.736270       0.728933        0.006251         0.221218   \n",
      "WSR_norte2         1.000000       0.832669       -0.023189         0.092850   \n",
      "WSR_noroeste2      0.832669       1.000000       -0.013349        -0.067623   \n",
      "PM2.5_sureste3    -0.023189      -0.013349        1.000000         0.562870   \n",
      "PM2.5_noroeste2    0.092850      -0.067623        0.562870         1.000000   \n",
      "PM2.5_norte2      -0.196230      -0.284431        0.620449         0.484747   \n",
      "\n",
      "                 PM2.5_norte2  \n",
      "WDR_sureste3         0.000737  \n",
      "WDR_noroeste2       -0.034105  \n",
      "WDR_norte2           0.104390  \n",
      "WSR_sureste3        -0.056914  \n",
      "WSR_norte2          -0.196230  \n",
      "WSR_noroeste2       -0.284431  \n",
      "PM2.5_sureste3       0.620449  \n",
      "PM2.5_noroeste2      0.484747  \n",
      "PM2.5_norte2         1.000000  \n",
      "\n",
      "\n",
      "Correlación para el mes de Agosto :\n",
      "                 WDR_sureste3  WDR_noroeste2  WDR_norte2  WSR_sureste3  \\\n",
      "WDR_sureste3         1.000000       0.674926    0.348323     -0.529514   \n",
      "WDR_noroeste2        0.674926       1.000000    0.577227     -0.341507   \n",
      "WDR_norte2           0.348323       0.577227    1.000000     -0.067601   \n",
      "WSR_sureste3        -0.529514      -0.341507   -0.067601      1.000000   \n",
      "WSR_norte2          -0.303885      -0.282067    0.054279      0.591943   \n",
      "WSR_noroeste2       -0.431387      -0.404993   -0.003607      0.677008   \n",
      "PM2.5_sureste3       0.099940       0.020798   -0.012419     -0.106518   \n",
      "PM2.5_noroeste2      0.114096       0.046670    0.145565     -0.083450   \n",
      "PM2.5_norte2         0.124286      -0.047685   -0.066035     -0.169753   \n",
      "\n",
      "                 WSR_norte2  WSR_noroeste2  PM2.5_sureste3  PM2.5_noroeste2  \\\n",
      "WDR_sureste3      -0.303885      -0.431387        0.099940         0.114096   \n",
      "WDR_noroeste2     -0.282067      -0.404993        0.020798         0.046670   \n",
      "WDR_norte2         0.054279      -0.003607       -0.012419         0.145565   \n",
      "WSR_sureste3       0.591943       0.677008       -0.106518        -0.083450   \n",
      "WSR_norte2         1.000000       0.779036       -0.191846         0.312013   \n",
      "WSR_noroeste2      0.779036       1.000000       -0.226184        -0.048374   \n",
      "PM2.5_sureste3    -0.191846      -0.226184        1.000000         0.475865   \n",
      "PM2.5_noroeste2    0.312013      -0.048374        0.475865         1.000000   \n",
      "PM2.5_norte2      -0.141649      -0.240885        0.812176         0.541943   \n",
      "\n",
      "                 PM2.5_norte2  \n",
      "WDR_sureste3         0.124286  \n",
      "WDR_noroeste2       -0.047685  \n",
      "WDR_norte2          -0.066035  \n",
      "WSR_sureste3        -0.169753  \n",
      "WSR_norte2          -0.141649  \n",
      "WSR_noroeste2       -0.240885  \n",
      "PM2.5_sureste3       0.812176  \n",
      "PM2.5_noroeste2      0.541943  \n",
      "PM2.5_norte2         1.000000  \n",
      "\n",
      "\n",
      "Correlación para el mes de Septiembre :\n",
      "                 WDR_sureste3  WDR_noroeste2  WDR_norte2  WSR_sureste3  \\\n",
      "WDR_sureste3         1.000000       0.558388    0.690283     -0.326635   \n",
      "WDR_noroeste2        0.558388       1.000000    0.536513     -0.173004   \n",
      "WDR_norte2           0.690283       0.536513    1.000000     -0.192471   \n",
      "WSR_sureste3        -0.326635      -0.173004   -0.192471      1.000000   \n",
      "WSR_norte2          -0.416339      -0.279106   -0.391288      0.641393   \n",
      "WSR_noroeste2       -0.472849      -0.626112   -0.408981      0.431235   \n",
      "PM2.5_sureste3      -0.050815      -0.139784    0.116861      0.113034   \n",
      "PM2.5_noroeste2     -0.112488       0.181745    0.120712      0.099781   \n",
      "PM2.5_norte2        -0.062001      -0.061752    0.112924      0.103601   \n",
      "\n",
      "                 WSR_norte2  WSR_noroeste2  PM2.5_sureste3  PM2.5_noroeste2  \\\n",
      "WDR_sureste3      -0.416339      -0.472849       -0.050815        -0.112488   \n",
      "WDR_noroeste2     -0.279106      -0.626112       -0.139784         0.181745   \n",
      "WDR_norte2        -0.391288      -0.408981        0.116861         0.120712   \n",
      "WSR_sureste3       0.641393       0.431235        0.113034         0.099781   \n",
      "WSR_norte2         1.000000       0.569202       -0.205878         0.186274   \n",
      "WSR_noroeste2      0.569202       1.000000        0.084141        -0.305644   \n",
      "PM2.5_sureste3    -0.205878       0.084141        1.000000         0.211295   \n",
      "PM2.5_noroeste2    0.186274      -0.305644        0.211295         1.000000   \n",
      "PM2.5_norte2      -0.134420       0.086015        0.832400         0.343124   \n",
      "\n",
      "                 PM2.5_norte2  \n",
      "WDR_sureste3        -0.062001  \n",
      "WDR_noroeste2       -0.061752  \n",
      "WDR_norte2           0.112924  \n",
      "WSR_sureste3         0.103601  \n",
      "WSR_norte2          -0.134420  \n",
      "WSR_noroeste2        0.086015  \n",
      "PM2.5_sureste3       0.832400  \n",
      "PM2.5_noroeste2      0.343124  \n",
      "PM2.5_norte2         1.000000  \n",
      "\n",
      "\n",
      "Correlación para el mes de Octubre :\n",
      "                 WDR_sureste3  WDR_noroeste2  WDR_norte2  WSR_sureste3  \\\n",
      "WDR_sureste3         1.000000       0.406653    0.455413     -0.170504   \n",
      "WDR_noroeste2        0.406653       1.000000    0.662712     -0.042527   \n",
      "WDR_norte2           0.455413       0.662712    1.000000     -0.044191   \n",
      "WSR_sureste3        -0.170504      -0.042527   -0.044191      1.000000   \n",
      "WSR_norte2           0.059443      -0.240344   -0.181922      0.671658   \n",
      "WSR_noroeste2        0.005325      -0.159390   -0.235456      0.607713   \n",
      "PM2.5_sureste3       0.185207       0.603917    0.417514     -0.337834   \n",
      "PM2.5_noroeste2     -0.202747       0.133124    0.002355     -0.217665   \n",
      "PM2.5_norte2        -0.244519       0.395101    0.164156     -0.163366   \n",
      "\n",
      "                 WSR_norte2  WSR_noroeste2  PM2.5_sureste3  PM2.5_noroeste2  \\\n",
      "WDR_sureste3       0.059443       0.005325        0.185207        -0.202747   \n",
      "WDR_noroeste2     -0.240344      -0.159390        0.603917         0.133124   \n",
      "WDR_norte2        -0.181922      -0.235456        0.417514         0.002355   \n",
      "WSR_sureste3       0.671658       0.607713       -0.337834        -0.217665   \n",
      "WSR_norte2         1.000000       0.765646       -0.336463        -0.347195   \n",
      "WSR_noroeste2      0.765646       1.000000       -0.309610        -0.386279   \n",
      "PM2.5_sureste3    -0.336463      -0.309610        1.000000         0.344393   \n",
      "PM2.5_noroeste2   -0.347195      -0.386279        0.344393         1.000000   \n",
      "PM2.5_norte2      -0.373109      -0.315386        0.642508         0.602841   \n",
      "\n",
      "                 PM2.5_norte2  \n",
      "WDR_sureste3        -0.244519  \n",
      "WDR_noroeste2        0.395101  \n",
      "WDR_norte2           0.164156  \n",
      "WSR_sureste3        -0.163366  \n",
      "WSR_norte2          -0.373109  \n",
      "WSR_noroeste2       -0.315386  \n",
      "PM2.5_sureste3       0.642508  \n",
      "PM2.5_noroeste2      0.602841  \n",
      "PM2.5_norte2         1.000000  \n",
      "\n",
      "\n",
      "Correlación para el mes de Noviembre :\n",
      "                 WDR_sureste3  WDR_noroeste2  WDR_norte2  WSR_sureste3  \\\n",
      "WDR_sureste3         1.000000       0.383640    0.130426      0.391108   \n",
      "WDR_noroeste2        0.383640       1.000000    0.546050     -0.197322   \n",
      "WDR_norte2           0.130426       0.546050    1.000000     -0.327609   \n",
      "WSR_sureste3         0.391108      -0.197322   -0.327609      1.000000   \n",
      "WSR_norte2           0.217935      -0.276372   -0.418522      0.759339   \n",
      "WSR_noroeste2       -0.125256      -0.004558   -0.136079      0.524216   \n",
      "PM2.5_sureste3       0.068082       0.605000    0.530211     -0.418846   \n",
      "PM2.5_noroeste2     -0.118689       0.262687    0.341534     -0.582671   \n",
      "PM2.5_norte2        -0.117205       0.507404    0.483431     -0.548687   \n",
      "\n",
      "                 WSR_norte2  WSR_noroeste2  PM2.5_sureste3  PM2.5_noroeste2  \\\n",
      "WDR_sureste3       0.217935      -0.125256        0.068082        -0.118689   \n",
      "WDR_noroeste2     -0.276372      -0.004558        0.605000         0.262687   \n",
      "WDR_norte2        -0.418522      -0.136079        0.530211         0.341534   \n",
      "WSR_sureste3       0.759339       0.524216       -0.418846        -0.582671   \n",
      "WSR_norte2         1.000000       0.430657       -0.351432        -0.526187   \n",
      "WSR_noroeste2      0.430657       1.000000       -0.154804        -0.469871   \n",
      "PM2.5_sureste3    -0.351432      -0.154804        1.000000         0.553375   \n",
      "PM2.5_noroeste2   -0.526187      -0.469871        0.553375         1.000000   \n",
      "PM2.5_norte2      -0.592444      -0.256346        0.800572         0.747905   \n",
      "\n",
      "                 PM2.5_norte2  \n",
      "WDR_sureste3        -0.117205  \n",
      "WDR_noroeste2        0.507404  \n",
      "WDR_norte2           0.483431  \n",
      "WSR_sureste3        -0.548687  \n",
      "WSR_norte2          -0.592444  \n",
      "WSR_noroeste2       -0.256346  \n",
      "PM2.5_sureste3       0.800572  \n",
      "PM2.5_noroeste2      0.747905  \n",
      "PM2.5_norte2         1.000000  \n",
      "\n",
      "\n",
      "Correlación para el mes de Diciembre :\n",
      "                 WDR_sureste3  WDR_noroeste2  WDR_norte2  WSR_sureste3  \\\n",
      "WDR_sureste3         1.000000       0.489041    0.426625      0.292292   \n",
      "WDR_noroeste2        0.489041       1.000000    0.784138     -0.219724   \n",
      "WDR_norte2           0.426625       0.784138    1.000000     -0.309797   \n",
      "WSR_sureste3         0.292292      -0.219724   -0.309797      1.000000   \n",
      "WSR_norte2           0.349172      -0.048828   -0.192762      0.799833   \n",
      "WSR_noroeste2        0.293911       0.249752    0.139214      0.532212   \n",
      "PM2.5_sureste3       0.310472       0.628405    0.655257     -0.416597   \n",
      "PM2.5_noroeste2     -0.083642       0.160033    0.196402     -0.522833   \n",
      "PM2.5_norte2         0.070787       0.423439    0.457543     -0.554593   \n",
      "\n",
      "                 WSR_norte2  WSR_noroeste2  PM2.5_sureste3  PM2.5_noroeste2  \\\n",
      "WDR_sureste3       0.349172       0.293911        0.310472        -0.083642   \n",
      "WDR_noroeste2     -0.048828       0.249752        0.628405         0.160033   \n",
      "WDR_norte2        -0.192762       0.139214        0.655257         0.196402   \n",
      "WSR_sureste3       0.799833       0.532212       -0.416597        -0.522833   \n",
      "WSR_norte2         1.000000       0.655811       -0.275401        -0.516482   \n",
      "WSR_noroeste2      0.655811       1.000000       -0.030689        -0.467289   \n",
      "PM2.5_sureste3    -0.275401      -0.030689        1.000000         0.515992   \n",
      "PM2.5_noroeste2   -0.516482      -0.467289        0.515992         1.000000   \n",
      "PM2.5_norte2      -0.436758      -0.232824        0.738281         0.730532   \n",
      "\n",
      "                 PM2.5_norte2  \n",
      "WDR_sureste3         0.070787  \n",
      "WDR_noroeste2        0.423439  \n",
      "WDR_norte2           0.457543  \n",
      "WSR_sureste3        -0.554593  \n",
      "WSR_norte2          -0.436758  \n",
      "WSR_noroeste2       -0.232824  \n",
      "PM2.5_sureste3       0.738281  \n",
      "PM2.5_noroeste2      0.730532  \n",
      "PM2.5_norte2         1.000000  \n",
      "\n",
      "\n"
     ]
    }
   ],
   "source": [
    "meses = [\n",
    "    \"Enero\",\n",
    "    \"Febrero\",\n",
    "    \"Marzo\",\n",
    "    \"Abril\",\n",
    "    \"Mayo\",\n",
    "    \"Junio\",\n",
    "    \"Julio\",\n",
    "    \"Agosto\",\n",
    "    \"Septiembre\",\n",
    "    \"Octubre\",\n",
    "    \"Noviembre\",\n",
    "    \"Diciembre\",\n",
    "]\n",
    "num_meses = [3, 7, 12]\n",
    "compara[\"month\"] = compara[\"date\"].dt.month\n",
    "compara[\"year\"] = compara[\"date\"].dt.year\n",
    "compara[\"day\"] = compara[\"date\"].dt.day\n",
    "\n",
    "\n",
    "mensualidad = compara.groupby([\"year\", \"month\", \"day\"]).mean().reset_index()\n",
    "# Aplicar correlación por numero de mes, usando la lista num_meses\n",
    "for i, mes in enumerate(meses, start=1):\n",
    "    print(\"Correlación para el mes de\", mes, \":\")\n",
    "    print(\n",
    "        mensualidad.loc[mensualidad[\"month\"] == i][\n",
    "            [\n",
    "                \"WDR_sureste3\",\n",
    "                \"WDR_noroeste2\",\n",
    "                \"WDR_norte2\",\n",
    "                \"WSR_sureste3\",\n",
    "                \"WSR_norte2\",\n",
    "                \"WSR_noroeste2\",\n",
    "                \"PM2.5_sureste3\",\n",
    "                \"PM2.5_noroeste2\",\n",
    "                \"PM2.5_norte2\",\n",
    "            ]\n",
    "        ].corr()\n",
    "    )\n",
    "    print(\"\\n\")"
   ]
  },
  {
   "cell_type": "code",
   "execution_count": 12,
   "metadata": {},
   "outputs": [],
   "source": [
    "compara = compara.drop(columns=[\"month\", \"year\", \"day\"])\n",
    "meses_importantes = [\"Noviembre\", \"Diciembre\", \"Enero\"]\n",
    "interest_vars = [\"date\", \"PM2.5_sureste3\"]"
   ]
  },
  {
   "cell_type": "code",
   "execution_count": 13,
   "metadata": {},
   "outputs": [
    {
     "data": {
